$ANSIBLE_VAULT;1.1;AES256
32643535303465636337616332613432396537663830373132613630613463623465373061356339
3163623566353561313666363161343633303834313638650a626631633638323364323338393639
36646630633561346232633131616130363934663532356435313266333666613365636537616566
3761376431396663370a656534326335333964396434366363396233316365336666356361343239
65383235336332353766303239376162646337373132393339373337626637346634366164333732
36636564356463343633366435353365376130313166313866386239613331303037333564383862
33366435386137663631363831383832383337613466666165646164613833386462336432383161
63636630386265623063323235663536653862356362386330396164623766623038366665643463
35663131623430363134396437616330343139323334346665333164636339613933323932363463
39386463633663643534303133303763303564343230316362643630343430336661663562626337
37336136366437653432363261653533393938326235656230393436316539393836323663396263
35623531303965313535343764353335663236353338616463363935643962306133306662366633
61326262646435396239616364613666313239333639326566643639313234623936393236663238
66666266336535613061643464373361323337646537366630316233333161383965643964313233
39633063653930633261333636383539616137623935363938316230653262353935343163636465
65386534656565613834656438666633356432666365643838363566323164343862356337643735
35343131636635393361653066383431343837666136333130303263383261613065393664653835
61316339646366303261613061666438343263396430306132346232636566363639393338623535
66333231336231626630396330633461626433653163333962633733633436623063396236393165
39663563393962396561346466366464366262646266336133356566326438633766656261646438
36303632366362636336653066323064633532646330393832366430306664613063653330343430
33666263633034353533633864386161393231316563633830333535613631663332393362306538
64656136363162643665656363316364303835646166393065636532663138643266313136623934
37656165666130323634346633303339376339663863623862643863323235356132363934626463
39383433313861363364663565383264623439646661313834366533623232643966363562306363
38383735373635363839663635633930303565356466383832363131316439393361393736393263
32626662613231623231303761323163613636336332666566326236386665623437353632646233
35336165653538313463333065396130336138303736363766653132373033366335643664326166
39636264663161343537393364346334353262353335393338383434326135336636
